rot:
  max: 3.2679545635704796
  mean: 1.7641188615340277
  median: 1.78197366343657
  min: 0.6380079783412772
  num_samples: 2840
  rmse: 1.862543433228255
  std: 0.5974551724117733
scale:
  max: 4.13216856257792
  mean: 0.7478191102906899
  median: 0.502014695875358
  min: 0.00010765260995970749
  num_samples: 2840
  rmse: 1.049464556392204
  std: 0.736303221103593
trans:
  max: 0.16710624839193575
  mean: 0.0683982893534225
  median: 0.06880023959696406
  min: 0.005350541676140781
  num_samples: 2840
  rmse: 0.07477946638961114
  std: 0.030226521583544344
